📌 Person Classification Report
              precision    recall  f1-score   support

           0       0.77      1.00      0.87        10
           1       0.91      1.00      0.95        10
           2       0.89      0.89      0.89         9
           3       0.78      0.78      0.78         9
           4       0.80      0.89      0.84         9
           5       0.82      1.00      0.90         9
           6       1.00      0.40      0.57        10
           7       1.00      1.00      1.00         9
           8       0.83      1.00      0.91        10
           9       1.00      0.90      0.95        10
          10       1.00      0.90      0.95        10
          11       1.00      1.00      1.00         9
          12       1.00      1.00      1.00         9
          13       0.82      0.90      0.86        10
          14       1.00      0.90      0.95        10
          15       1.00      1.00      1.00        10
          16       1.00      1.00      1.00         9
...

    accuracy                           0.89       528
   macro avg       0.89      0.89      0.89       528
weighted avg       0.89      0.89      0.89       528
